Augmented Dickey-Fuller Test 
alternative: stationary 
 
Type 1: no drift no trend 
      lag   ADF p.value
 [1,]   0  85.5    0.99
 [2,]   1 120.9    0.99
 [3,]   2 148.8    0.99
 [4,]   3 171.4    0.99
 [5,]   4 190.8    0.99
 [6,]   5 209.2    0.99
 [7,]   6 225.8    0.99
 [8,]   7 241.0    0.99
 [9,]   8 255.6    0.99
[10,]   9 269.4    0.99
[11,]  10 282.5    0.99
Type 2: with drift no trend 
      lag   ADF p.value
 [1,]   0  85.5    0.99
 [2,]   1 120.9    0.99
 [3,]   2 148.8    0.99
 [4,]   3 171.3    0.99
 [5,]   4 190.8    0.99
 [6,]   5 209.2    0.99
 [7,]   6 225.8    0.99
 [8,]   7 241.0    0.99
 [9,]   8 255.6    0.99
[10,]   9 269.3    0.99
[11,]  10 282.5    0.99
Type 3: with drift and trend 
      lag   ADF p.value
 [1,]   0  85.5    0.99
 [2,]   1 120.9    0.99
 [3,]   2 148.8    0.99
 [4,]   3 171.3    0.99
 [5,]   4 190.8    0.99
 [6,]   5 209.2    0.99
 [7,]   6 225.8    0.99
 [8,]   7 241.0    0.99
 [9,]   8 255.6    0.99
[10,]   9 269.3    0.99
[11,]  10 282.5    0.99
---- 
Note: in fact, p.value = 0.01 means p.value <= 0.01 
$type1
      lag       ADF p.value
 [1,]   0  85.48533    0.99
 [2,]   1 120.89405    0.99
 [3,]   2 148.80489    0.99
 [4,]   3 171.35276    0.99
 [5,]   4 190.78601    0.99
 [6,]   5 209.18879    0.99
 [7,]   6 225.81699    0.99
 [8,]   7 241.02319    0.99
 [9,]   8 255.60692    0.99
[10,]   9 269.35503    0.99
[11,]  10 282.52501    0.99

$type2
      lag       ADF p.value
 [1,]   0  85.47959    0.99
 [2,]   1 120.88594    0.99
 [3,]   2 148.79491    0.99
 [4,]   3 171.34129    0.99
 [5,]   4 190.77327    0.99
 [6,]   5 209.17488    0.99
 [7,]   6 225.80199    0.99
 [8,]   7 241.00724    0.99
 [9,]   8 255.59002    0.99
[10,]   9 269.33727    0.99
[11,]  10 282.50639    0.99

$type3
      lag       ADF p.value
 [1,]   0  85.47404    0.99
 [2,]   1 120.87839    0.99
 [3,]   2 148.78591    0.99
 [4,]   3 171.33099    0.99
 [5,]   4 190.76174    0.99
 [6,]   5 209.16221    0.99
 [7,]   6 225.78827    0.99
 [8,]   7 240.99257    0.99
 [9,]   8 255.57446    0.99
[10,]   9 269.32084    0.99
[11,]  10 282.48920    0.99

