Augmented Dickey-Fuller Test 
alternative: stationary 
 
Type 1: no drift no trend 
      lag   ADF p.value
 [1,]   0  89.2    0.99
 [2,]   1 129.3    0.99
 [3,]   2 159.3    0.99
 [4,]   3 185.0    0.99
 [5,]   4 209.6    0.99
 [6,]   5 231.6    0.99
 [7,]   6 253.2    0.99
 [8,]   7 272.6    0.99
 [9,]   8 291.0    0.99
[10,]   9 307.1    0.99
[11,]  10 323.3    0.99
Type 2: with drift no trend 
      lag   ADF p.value
 [1,]   0  89.3    0.99
 [2,]   1 129.4    0.99
 [3,]   2 159.5    0.99
 [4,]   3 185.4    0.99
 [5,]   4 210.0    0.99
 [6,]   5 232.2    0.99
 [7,]   6 254.0    0.99
 [8,]   7 273.6    0.99
 [9,]   8 292.2    0.99
[10,]   9 308.6    0.99
[11,]  10 325.0    0.99
Type 3: with drift and trend 
      lag   ADF p.value
 [1,]   0  89.3    0.99
 [2,]   1 129.4    0.99
 [3,]   2 159.5    0.99
 [4,]   3 185.4    0.99
 [5,]   4 210.0    0.99
 [6,]   5 232.2    0.99
 [7,]   6 254.0    0.99
 [8,]   7 273.6    0.99
 [9,]   8 292.2    0.99
[10,]   9 308.6    0.99
[11,]  10 325.0    0.99
---- 
Note: in fact, p.value = 0.01 means p.value <= 0.01 
$type1
      lag       ADF p.value
 [1,]   0  89.22674    0.99
 [2,]   1 129.25956    0.99
 [3,]   2 159.29307    0.99
 [4,]   3 185.03499    0.99
 [5,]   4 209.55126    0.99
 [6,]   5 231.59400    0.99
 [7,]   6 253.18675    0.99
 [8,]   7 272.57086    0.99
 [9,]   8 291.00661    0.99
[10,]   9 307.14331    0.99
[11,]  10 323.31990    0.99

$type2
      lag      ADF p.value
 [1,]   0  89.2819    0.99
 [2,]   1 129.3905    0.99
 [3,]   2 159.5189    0.99
 [4,]   3 185.3746    0.99
 [5,]   4 210.0315    0.99
 [6,]   5 232.2323    0.99
 [7,]   6 254.0117    0.99
 [8,]   7 273.5939    0.99
 [9,]   8 292.2479    0.99
[10,]   9 308.6040    0.99
[11,]  10 325.0205    0.99

$type3
      lag       ADF p.value
 [1,]   0  89.27594    0.99
 [2,]   1 129.38219    0.99
 [3,]   2 159.50910    0.99
 [4,]   3 185.36378    0.99
 [5,]   4 210.01980    0.99
 [6,]   5 232.22019    0.99
 [7,]   6 253.99956    0.99
 [8,]   7 273.58200    0.99
 [9,]   8 292.23695    0.99
[10,]   9 308.59441    0.99
[11,]  10 325.01254    0.99

