$type1
     lag       ADF p.value
[1,]   0 -89.23286    0.01
[2,]   1 -64.35645    0.01
[3,]   2 -51.18006    0.01
[4,]   3 -44.21127    0.01
[5,]   4 -40.93881    0.01

$type2
     lag       ADF p.value
[1,]   0 -89.28837    0.01
[2,]   1 -64.42287    0.01
[3,]   2 -51.25430    0.01
[4,]   3 -44.29356    0.01
[5,]   4 -41.03455    0.01

$type3
     lag       ADF p.value
[1,]   0 -89.28241    0.01
[2,]   1 -64.41875    0.01
[3,]   2 -51.25124    0.01
[4,]   3 -44.29100    0.01
[5,]   4 -41.03242    0.01

